2.5142762660980225,-0.7355936765670776,0.0,4.5,0.5
2.5939350978458804,-0.7597810365709603,0.0,4.5,0.5860826684839718
2.6735865537567554,-0.783988129099451,0.0,4.5,0.6721653369679438
2.753223257993666,-0.8082346866771583,0.0,4.5,0.7582480054519156
2.832837834719629,-0.8325404418286901,0.0,4.5,0.8443306739358876
2.9124229080976622,-0.8569251270786549,0.0,4.5,0.9304133424198594
2.991971102290784,-0.8814084749516606,0.0,4.5,1.0164960109038312
3.071475041462011,-0.9060102179723155,0.0,4.5,1.1025786793878032
3.1509273497743613,-0.930750088665228,0.0,4.5,1.1886613478717751
3.2303206513908522,-0.9556478195550061,0.0,4.5,1.274744016355747
3.309647570474501,-0.9807231431662581,0.0,4.5,1.3608266848397188
3.3889007311883264,-1.0059957920235922,0.0,4.5,1.4469093533236905
3.468072757695345,-1.0314854986516167,0.0,4.5,1.5329920218076627
3.5471562741585747,-1.0572119955749393,0.0,4.5,1.6190746902916344
3.626143904741033,-1.0831950153181689,0.0,4.5,1.7051573587756064
3.7050282736057376,-1.1094542904059135,0.0,4.5,1.7912400272595783
3.783802004915706,-1.136009553362781,0.0,4.5,1.87732269574355
3.862457722833956,-1.1628805367133797,0.0,4.5,1.963405364227522
3.940988051523505,-1.1900869729823182,0.0,4.5,2.049488032711494
4.01938561514737,-1.2176485946942046,0.0,4.5,2.1355707011954657
4.097643037868569,-1.2455851343736466,0.0,4.5,2.2216533696794376
4.175752943850122,-1.273916324545253,0.0,4.5,2.3077360381634096
4.253707957255042,-1.3026618977336317,0.0,4.5,2.393818706647381
4.331500702246351,-1.3318415864633912,0.0,4.5,2.4799013751313534
4.409123802987063,-1.3614751232591393,0.0,4.5,2.5659840436153254
4.486569883640198,-1.3915822406454843,0.0,4.5,2.652066712099297
4.563831568368772,-1.4221826711470347,0.0,4.5,2.738149380583269
4.640901481335804,-1.4532961472883983,0.0,4.5,2.824232049067241
4.71777224670431,-1.484942401594184,0.0,4.5,2.9103147175512127
4.794436488637309,-1.5171411665889991,0.0,4.5,2.9963973860351847
4.870887793265938,-1.549907404853583,0.0,4.5,3.0
4.947124109894688,-1.5832344440604271,0.0,4.5,3.0
5.023144624244542,-1.6171094810787912,0.0,4.5,3.0
5.0989485221166415,-1.6515197123804515,0.0,4.5,3.0
5.1745349893121295,-1.6864523344371833,0.0,4.5,3.0
5.2499032116321525,-1.7218945437207633,0.0,4.5,3.0
5.325052374877851,-1.7578335367029665,0.0,4.5,3.0
5.39998166485037,-1.7942565098555696,0.0,4.5,3.0
5.474690267350852,-1.8311506596503477,0.0,4.5,3.0
5.549177368180441,-1.8685031825590777,0.0,4.5,3.0
5.62344215314028,-1.9063012750535346,0.0,4.5,3.0
5.697483808031511,-1.9445321336054948,0.0,4.5,3.0
5.77130151865528,-1.9831829546867343,0.0,4.5,3.0
5.844894470812728,-2.022240934769029,0.0,4.5,3.0
5.918261850305,-2.0616932703241537,0.0,4.5,3.0
5.9914028429332395,-2.1015271578238863,0.0,4.5,3.0
6.064316634498588,-2.1417297937400015,0.0,4.5,3.0
6.1370024108021894,-2.182288374544275,0.0,4.5,3.0
6.209459357645188,-2.2231900967084828,0.0,4.5,3.0
6.2816866608287265,-2.2644221567044016,0.0,4.5,3.0
6.353683506153949,-2.305971751003806,0.0,4.5,3.0
6.425449079421999,-2.3478260760784733,0.0,4.5,3.0
6.496982566434017,-2.389972328400179,0.0,4.5,3.0
6.5682831529911505,-2.432397704440698,0.0,4.5,3.0
6.63935002489454,-2.475089400671807,0.0,4.5,3.0
6.710182367945329,-2.5180346135652827,0.0,4.5,3.0
6.780779386731333,-2.561220548145925,0.0,4.496496004189947,3.0
6.8511451674392045,-2.6046366318887,0.0,4.4775260617365396,3.0
6.921295166238113,-2.6482774686913686,0.0,4.458556119283132,3.0
6.9912464547289055,-2.692138397910812,0.0,4.4395861768297245,3.0
7.06101610451243,-2.7362147589039143,0.0,4.420616234376317,3.0
7.130621187189534,-2.7805018910275567,0.0,4.40164629192291,3.0
7.200078774361064,-2.8249951336386228,0.0,4.382676349469503,3.0
7.269405937627868,-2.869689826093994,0.0,4.363706407016096,3.0
7.3386197485907925,-2.9145813077505527,0.0,4.344736464562689,3.0
7.407737278850685,-2.959664917965183,0.0,4.325766522109281,3.0
7.476775600008393,-3.004935996094767,0.0,4.306796579655874,3.0
7.545751783664763,-3.0503898814961863,0.0,4.287826637202467,3.0
7.614682901420644,-3.0960219135263234,0.0,4.26885669474906,3.0
7.683586024876883,-3.141827431542062,0.0,4.2498867522956525,3.0
7.752478225634325,-3.1878017749002834,0.0,4.230916809842245,3.0
7.821376575293821,-3.233940282957871,0.0,4.211946867388837,3.0
7.890298145456215,-3.280238295071707,0.0,4.19297692493543,3.0
7.959260007722355,-3.3266911505986734,0.0,4.174006982482023,3.0
8.02827923369309,-3.3732941888956534,0.0,4.155037040028616,3.0
8.097372894969265,-3.42004274931953,0.0,4.136067097575209,3.0
8.166558063151728,-3.4669321712271834,0.0,4.117097155121802,3.0
8.235851809841328,-3.513957793975499,0.0,4.098127212668395,3.0
8.305271206638912,-3.561114956921358,0.0,4.079157270214988,3.0
8.374833325145323,-3.608398999421643,0.0,4.0601873277615805,3.0
8.444555236961413,-3.6558052608332363,0.0,4.0412173853081725,3.0
8.514454013688027,-3.7033290805130203,0.0,4.022247442854765,3.0
8.584546726926016,-3.7509657978178783,0.0,4.003277500401358,3.0
8.654839083961049,-3.7987166494177136,0.0,3.932767808685523,2.932767808685523
8.725259774472782,-3.846622838924915,0.0,3.851493600629067,2.851493600629067
8.795705519674131,-3.89474215942975,0.0,3.770219392572611,2.770219392572611
8.866072937239977,-3.943132457751746,0.0,3.6889451845161547,2.6889451845161547
8.936258644845191,-3.991851580710428,0.0,3.6076709764596986,2.6076709764596986
9.006159260164655,-4.040957375125322,0.0,3.5263967684032425,2.5263967684032425
9.075671400873249,-4.0905076878159505,0.0,3.4451225603467863,2.4451225603467863
9.144691684645847,-4.140560365601844,0.0,3.363848352290329,2.363848352290329
9.213116729157331,-4.191173255302524,0.0,3.2825741442338727,2.2825741442338727
9.280843152082577,-4.242404203737519,0.0,3.2012999361774166,2.2012999361774166
9.347767571096464,-4.294311057726352,0.0,3.1200257281209605,2.1200257281209605
9.413786603873868,-4.346951664088551,0.0,3.0387515200645048,2.0387515200645048
9.47879686808967,-4.4003838696436395,0.0,2.9574773120080486,1.9574773120080484
9.542694981418748,-4.454665521211144,0.0,2.8762031039515925,1.8762031039515923
9.60537756153598,-4.509854465610591,0.0,2.7949288958951364,1.7949288958951362
9.66674122611624,-4.566008549661507,0.0,2.7136546878386802,1.71365468783868
9.726682592834413,-4.623185620183413,0.0,2.632380479782224,1.632380479782224
9.785098279365373,-4.681443523995839,0.0,2.551106271725768,1.551106271725768
9.841884903383999,-4.740840107918309,0.0,2.469832063669312,1.4698320636693119
9.896939082565169,-4.80143321877035,0.0,2.3885578556128557,1.3885578556128557
9.95015743458376,-4.863280703371485,0.0,2.3072836475563996,1.3072836475563996
10.001436577114653,-4.92644040854124,0.0,2.2260094394999435,1.2260094394999435
10.050673127832725,-4.990970181099144,0.0,2.1447352314434873,1.1447352314434873
10.097763704412852,-5.05692786786472,0.0,2.063461023387031,1.0634610233870312
10.142605095067175,-5.1243712423500964,0.0,1.9909653732443953,0.9909653732443953
10.18512275867443,-5.193345753652553,0.0,1.9497441010084544,0.9497441010084545
10.225302787896723,-5.263870786742209,0.0,1.9085228287725138,0.9085228287725138
10.263138986486256,-5.335962411888668,0.0,1.8673015565365731,0.8673015565365731
10.298625158195234,-5.409636699361535,0.0,1.8260802843006323,0.8260802843006324
10.331755106775857,-5.484909719430413,0.0,1.7848590120646917,0.7848590120646917
10.362522635980334,-5.561797542364908,0.0,1.743637739828751,0.743637739828751
10.390921549560868,-5.640316238434623,0.0,1.7024164675928102,0.7024164675928102
10.416945651269659,-5.72048187790916,0.0,1.6611951953568695,0.6611951953568695
10.440588744858916,-5.8023105310581276,0.0,1.619973923120928,0.6199739231209281
10.46184463408084,-5.885818268151126,0.0,1.5787526508849874,0.5787526508849874
10.480707122687633,-5.971021159457759,0.0,1.5375313786490468,0.5375313786490468
10.497169979357052,-6.057935213841335,0.0,1.4970061498517053,0.5
10.511163870083669,-6.146465963673776,0.0,1.4635606563462007,0.5
10.522426104523237,-6.236180424344488,0.0,1.430115162840696,0.5
10.530657083278786,-6.326580993029507,0.0,1.3966696693351914,0.5
10.535557206953335,-6.417170066904873,0.0,1.3632241758296868,0.5
10.536826876149913,-6.507450043146623,0.0,1.3297786823241822,0.5
10.534166491471543,-6.5969233189307905,0.0,1.2963331888186778,0.5
10.527276453521251,-6.685092291433413,0.0,1.2628876953131731,0.5
10.51585716290206,-6.77145935783053,0.0,1.2294422018076685,0.5
10.499609020217,-6.855526915298176,0.0,1.1959967083021639,0.5
10.478232426069086,-6.936797361012389,0.0,1.1625512147966592,0.5
10.451427781061348,-7.014773092149205,0.0,1.1291057212911546,0.5
10.418895485796812,-7.088956505884661,0.0,1.09566022778565,0.5
10.380335940878503,-7.158849999394794,0.0,1.0622147342801456,0.5
10.335449546909443,-7.22395596985564,0.0,1.028769240774641,0.5
10.283937154843313,-7.283777100168766,0.0,1.0174692554845897,0.5
10.225741806033708,-7.337969731232497,0.0,1.1424128597940029,0.5
10.161447634092674,-7.386596945716145,0.0,1.267356464103416,0.5
10.091743640413638,-7.429788359781757,0.0,1.3923000684128293,0.5
10.017318826390037,-7.467673589591378,0.0,1.5172436727222425,0.5
9.938862193415304,-7.500382251307057,0.0,1.6421872770316557,0.5
9.85706274288287,-7.528043961090839,0.0,1.7671308813410689,0.5
9.772609476186167,-7.550788335104772,0.0,1.8920744856504843,0.5
9.68619139471863,-7.568744989510902,0.0,2.0170180899598975,0.5
9.598497499873693,-7.582043540471275,0.0,2.1419616942693107,0.5
9.510216793044787,-7.590813604147939,0.0,2.266905298578724,0.5
9.422038275625344,-7.595184796702939,0.0,2.391848902888137,0.5
9.334650630406408,-7.595286798679481,0.0,2.50832009403089,0.5166401880617799
9.248552237334806,-7.591287745816517,0.0,2.570225235662407,0.6404504713248139
9.16372981006293,-7.5834591681432615,0.0,2.6321303772939237,0.7642607545878479
9.080084949381998,-7.572089794757867,0.0,2.694035518925441,0.8880710378508818
8.99751925608322,-7.557468354758488,0.0,2.755940660556958,1.0118813211139157
8.915934330957814,-7.5398835772432795,0.0,2.817845802188475,1.1356916043769498
8.835231774796995,-7.5196241913103945,0.0,2.879750943819992,1.2595018876399837
8.755313188391979,-7.496978926057986,0.0,2.941656085451509,1.3833121709030176
8.676080172533977,-7.472236510584211,0.0,3.0035612270830256,1.5071224541660517
8.59743432801421,-7.445685673987222,0.0,3.0654663687145427,1.6309327374290856
8.519277255623889,-7.417615145365171,0.0,3.1273715103460598,1.7547430206921197
8.441510556154231,-7.3883136538162155,0.0,3.189276651977577,1.8785533039551536
8.364035830396453,-7.358069928438507,0.0,3.251181793609094,2.0023635872181877
8.286754679141767,-7.327172698330202,0.0,3.313086935240611,2.126173870481222
8.20956870318139,-7.295910692589451,0.0,3.374992076872128,2.2499841537442555
8.132379503306538,-7.2645726403144115,0.0,3.4368972185036446,2.3737944370072896
8.055088680308426,-7.233447270603235,0.0,3.4988023601351617,2.4976047202703233
7.977615954839302,-7.202771923908003,0.0,3.5,2.5
7.899957859079239,-7.172566100134991,0.0,3.5,2.5
7.8221312750676395,-7.142791586180622,0.0,3.5,2.5
7.74415308498302,-7.113410168546751,0.0,3.5,2.5
7.666040171003906,-7.084383633735233,0.0,3.5,2.5
7.58780941530882,-7.055673768247925,0.0,3.5,2.5
7.509477700076285,-7.027242358586683,0.0,3.5,2.5
7.431061907484826,-6.999051191253364,0.0,3.5,2.5
7.35257891971296,-6.971062052749823,0.0,3.5,2.5
7.2740456189392155,-6.943236729577916,0.0,3.5,2.5
7.195478887342111,-6.9155370082395,0.0,3.5,2.5
7.116895607100174,-6.887924675236429,0.0,3.5,2.5
7.038312660391924,-6.8603615170705625,0.0,3.5,2.5
6.959746929395884,-6.8328093202437525,0.0,3.5,2.5
6.881215296290577,-6.805229871257859,0.0,3.5,2.5
6.802734643254527,-6.777584956614734,0.0,3.5,2.5
6.7243218524662565,-6.749836362816237,0.0,3.5,2.5
6.645993806104284,-6.721945876364223,0.0,3.5,2.5
6.567767386347139,-6.693875283760546,0.0,3.5,2.5
6.489659475373341,-6.665586371507065,0.0,3.5,2.5
6.4116869553614135,-6.637040926105636,0.0,3.5,2.5
6.333866708489878,-6.608200734058112,0.0,3.5,2.5
6.25621561693726,-6.579027581866352,0.0,3.5,2.5
6.17875056288208,-6.549483256032212,0.0,3.5,2.5
6.10148842850286,-6.519529543057546,0.0,3.5,2.5
6.024446095978124,-6.489128229444211,0.0,3.5,2.5
5.947640447486396,-6.458241101694063,0.0,3.5,2.5
5.871088365206198,-6.42682994630896,0.0,3.5,2.5
5.7948067313160525,-6.394856549790754,0.0,3.5,2.5
5.718812408434134,-6.362282736983214,0.0,3.5,2.492456763677618
5.643113138742411,-6.329088210476739,0.0,3.5,2.441340189310311
5.567693053864771,-6.295298953934891,0.0,3.5,2.390223614943004
5.492532515211796,-6.260948341338596,0.0,3.5,2.339107040575697
5.417611884194078,-6.226069746668779,0.0,3.5,2.2879904662083894
5.342911522222203,-6.190696543906369,0.0,3.5,2.2368738918410824
5.268411790706759,-6.154862107032288,0.0,3.5,2.1857573174737754
5.194093051058336,-6.118599810027467,0.0,3.5,2.1346407431064685
5.119935664687517,-6.081943026872829,0.0,3.5,2.0835241687391615
5.045919993004893,-6.0449251315493,0.0,3.5,2.0324075943718545
4.972026397421052,-6.007579498037808,0.0,3.5,1.9812910200045475
4.89823523934658,-5.969939500319277,0.0,3.5,1.9301744456372405
4.824526880192065,-5.932038512374635,0.0,3.5,1.8790578712699335
4.750881681368096,-5.893909908184806,0.0,3.5,1.8279412969026265
4.67728000428526,-5.855587061730719,0.0,3.5,1.7768247225353195
4.603702210354145,-5.8171033469932985,0.0,3.5,1.7257081481680125
4.530128660985338,-5.778492137953471,0.0,3.5,1.6745915738007056
4.456539717589427,-5.739786808592162,0.0,3.5,1.6234749994333986
4.382915741577,-5.7010207328902975,0.0,3.5,1.5723584250660916
4.309237094358645,-5.6622272848288056,0.0,3.5,1.5212418506987846
4.23548413734495,-5.62343983838861,0.0,3.5,1.4701252763314776
4.161637231946501,-5.584691767550638,0.0,3.5,1.4190087019641706
4.087676739573888,-5.546016446295816,0.0,3.5,1.3678921275968636
4.013583021637697,-5.507447248605069,0.0,3.5,1.3167755532295564
3.9393364395485158,-5.469017548459325,0.0,3.5,1.2656589788622494
3.8649173547169333,-5.430760719839507,0.0,3.5,1.2145424044949424
3.7903061285535364,-5.392710136726547,0.0,3.5,1.1634258301276355
3.715483122468913,-5.354899173101364,0.0,3.5,1.1123092557603285
3.6404286978736504,-5.317361202944889,0.0,3.5,1.0611926813930215
3.5651232161783377,-5.2801296002380465,0.0,3.5,1.0100761070257145
3.4895548749404757,-5.24322641623434,0.0,3.4871647645311903,1.005134094187524
3.413769253201358,-5.206590789640185,0.0,3.4711782684978374,1.011528692600865
3.337837441636771,-5.170124996493821,0.0,3.4551917724644845,1.0179232910142062
3.2618306468920575,-5.133731145264952,0.0,3.4392052764311316,1.0243178894275473
3.1858200756125603,-5.097311344423279,0.0,3.4232187803977787,1.0307124878408884
3.109876934443622,-5.060767702438509,0.0,3.407232284364426,1.0371070862542298
3.0340724300305855,-5.024002327780346,0.0,3.391245788331073,1.0435016846675709
2.9584777690187924,-4.9869173289184925,0.0,3.37525929229772,1.049896283080912
2.883164158053586,-4.949414814322652,0.0,3.359272796264367,1.056290881494253
2.808202803780306,-4.9113968924625295,0.0,3.343286300231014,1.0626854799075944
2.7336649128443,-4.8727656718078265,0.0,3.327299804197661,1.0690800783209355
2.659621691890908,-4.83342326082825,0.0,3.311313308164308,1.0754746767342767
2.586144347565473,-4.793271767993503,0.0,3.295326812130955,1.0818692751476178
2.513304086513337,-4.7522133017732875,0.0,3.2793403160976022,1.088263873560959
2.441172115379843,-4.71014997063731,0.0,3.2633538200642493,1.0946584719743002
2.369819640810334,-4.666983883055272,0.0,3.247367324030897,1.1010530703876413
2.2993178694501513,-4.622617147496877,0.0,3.231380827997544,1.1074476688009824
2.2297380079446376,-4.576951872431831,0.0,3.215394331964191,1.1138422672143236
2.1611512629391365,-4.529890166329837,0.0,3.199407835930838,1.1202368656276647
2.0936288410789907,-4.481334137660598,0.0,3.1834213398974853,1.1266314640410058
2.0272419490095412,-4.43118589489382,0.0,3.1674348438641324,1.1330260624543471
1.962061793376132,-4.379347546499202,0.0,3.1514483478307795,1.1394206608676882
1.898159580824105,-4.325721200946454,0.0,3.1354618517974266,1.1458152592810293
1.835606517998803,-4.270208966705276,0.0,3.1194753557640738,1.1522098576943705
1.7744738115455683,-4.212712952245373,0.0,3.103488859730721,1.1586044561077116
1.7148326681097437,-4.153135266036449,0.0,3.087502363697368,1.1649990545210527
1.6567542943366715,-4.091378016548205,0.0,3.071515867664015,1.1713936529343938
1.6003098968716944,-4.02734331225035,0.0,3.055529371630662,1.1777882513477351
1.5455706823601552,-3.9609332616125834,0.0,3.0395428755973093,1.1841828497610762
1.4926078574473967,-3.8920499731046103,0.0,3.0235563795639564,1.1905774481744174
1.4414926287787604,-3.820595555196136,0.0,3.007569883530604,1.1969720465877585
1.39229685220368,-3.746479963772902,0.0,2.971880796957538,1.1868777052468509
1.3451056103336432,-3.6697730364991887,0.0,2.918471242014556,1.1619532462734594
1.3000163294464888,-3.590693818178732,0.0,2.8650616870715746,1.137028787300068
1.2571269081406073,-3.509467062907482,0.0,2.8116521321285926,1.1121043283266765
1.216535245014388,-3.4263175247813877,0.0,2.758242577185611,1.087179869353285
1.178339238666222,-3.3414699578964,0.0,2.7048330222426293,1.0622554103798936
1.1426367876944983,-3.2551491163484676,0.0,2.6514234672996477,1.0373309514065023
1.1095257906976073,-3.167579754233542,0.0,2.598013912356666,1.0124064924331109
1.0791041462739392,-3.078986625647572,0.0,2.5446043574136845,0.9874820334597193
1.0514697530218835,-2.9895944846865077,0.0,2.4911948024707025,0.962557574486328
1.0267205095398306,-2.899628085446299,0.0,2.437785247527721,0.9376331155129365
1.0049543144261706,-2.809312182022896,0.0,2.3843756925847392,0.912708656539545
0.9862690662792932,-2.718871528512248,0.0,2.3309661376417576,0.8877841975661536
0.9707626636975885,-2.628530879010305,0.0,2.277556582698776,0.8628597385927621
0.9585330052794465,-2.5385149876130173,0.0,2.2241470277557944,0.8379352796193706
0.9496779896232572,-2.4490486084163345,0.0,2.170737472812813,0.8130108206459792
0.9442955153274107,-2.360356495516207,0.0,2.117327917869831,0.7880863616725877
0.9424834809902969,-2.2726634030085844,0.0,2.063918362926849,0.7631619026991963
0.9443397852103059,-2.1861940849894155,0.0,2.0105088079838676,0.7382374437258048
0.9499623265858275,-2.1011732955546516,0.0,1.957099253040886,0.7133129847524133
0.9594490037152519,-2.017825788800242,0.0,1.9036896980979043,0.688388525779022
0.9728977151969691,-1.9363763188221372,0.0,1.8502801431549225,0.6634640668056305
0.9904063596293692,-1.857049639716286,0.0,1.796870588211941,0.6385396078322391
1.012072835610842,-1.7800705055786388,0.0,1.7434610332689593,0.6136151488588476
1.0379950417397774,-1.7056636705051458,0.0,1.6900514783259775,0.5886906898854561
1.0682708766145657,-1.6340538885917566,0.0,1.6366419233829959,0.5637662309120647
1.1029982388335966,-1.5654659139344211,0.0,1.5832323684400142,0.5388417719386732
1.1422750269952604,-1.5001245006290893,0.0,1.5298228134970324,0.5139173129652818
1.186194074411616,-1.4382483767624852,0.0,1.5718408011954994,0.5
1.2346922740130237,-1.3798707531341947,0.0,1.734516312240199,0.5
1.287524898365488,-1.3248087726022284,0.0,1.8971918232848932,0.5
1.3444369813071833,-1.272867397337388,0.0,2.0598673343295872,0.5
1.4051735566762826,-1.2238515895104787,0.0,2.2225428453742815,0.5
1.469479658310959,-1.1775663112923052,0.0,2.3852183564189757,0.5
1.5371003200493862,-1.133816524853672,0.0,2.54789386746367,0.5
1.6077805757297363,-1.0924071923653829,0.0,2.7105693785083638,0.5
1.681265459190183,-1.0531432759982438,0.0,2.8732448895530585,0.5
1.757300004268899,-1.015829737923058,0.0,3.0359204005977523,0.5
1.8356292448040576,-0.9802715403106312,0.0,3.1985959116424465,0.5
1.915998214633832,-0.9462736453317676,0.0,3.3612714226871407,0.5
1.9981519475963947,-0.9136410151572718,0.0,3.523946933731835,0.5
2.081835477529919,-0.8821786119579483,0.0,3.6866224447765292,0.5
2.1667938382725778,-0.8516913979046018,0.0,3.8492979558212235,0.5
2.252772063662545,-0.8219843351680367,0.0,4.011973466865918,0.5
2.3395151875379923,-0.7928623859190582,0.0,4.1746489779106115,0.5
2.4267682437370937,-0.7641305123284703,0.0,4.337324488955305,0.5
2.5142762660980225,-0.7355936765670775,0.0,4.5,0.5
